12C16O_0h_100_P08_coass_bin.13	46.58101015795828	46.653728823098916	-0.0015611225453042335	31	
12C16O_0h_100_P08_coass_bin.18	46.996038622435506	46.19128938587469	0.017123767452532395	18	
12C16O_0h_100_P08_coass_bin.20	56.88537698001093	57.72852094476014	-0.01482180499648414	29	
12C16O_0h_100_P08_coass_bin.5	45.20713087196138	41.241315501122195	0.08772543831793775	40	
12C16O_0h_100_P08_coass_bin.9	47.96004662807211	44.86536667373127	0.06452620820700884	46	
12C16O_0h_100_P14_coass_bin.15	45.157309716202064	41.64593055440551	0.07775882097193892	55	
12C16O_0h_100_P16_coass_bin.12	56.887585486509394	57.859315920178275	-0.017081590391972643	28	
12C16O_0h_100_P16_coass_bin.1	45.660595596423825	41.33777125296721	0.09467297320570177	59	
12C16O_0h_100_P16_coass_bin.2	48.37737697049709	45.82826100778504	0.05269231451441916	34	
12C16O_0h_100_unf_bin.12	48.1176460318449	45.95907836309868	0.044860209232131736	30	
12C16O_0h_100_unf_bin.13	47.98813647483572	45.046744573794726	0.06129414720205727	51	
12C16O_0h_100_unf_bin.7	56.86692853487406	57.571831366896234	-0.012395655087822864	27	
12C16O_0h_50_P09_coass_bin.11	47.83665351795316	45.286564246188476	0.053308270629918365	49	
12C16O_0h_50_P09_coass_bin.13	49.67411203211944	44.945238698422884	0.09519794396402799	18	
12C16O_0h_50_P09_coass_bin.29	52.78829953107308	49.29537064085082	0.06616861920634888	29	
12C16O_0h_50_P09_coass_bin.4	56.81262838651586	57.745060610313026	-0.016412411294431002	29	
12C16O_0h_50_P09_coass_bin.5	47.96490228562102	46.15340975140046	0.03776704314820659	40	
12C16O_0h_50_P09_coass_bin.6	57.404115354834346	56.058472594083575	0.023441573002787264	33	
12C16O_0h_50_P10_coass_bin.13	53.132552701638446	49.25057726265314	0.07306209172339652	50	
12C16O_0h_50_P10_coass_bin.14	56.5286906208561	55.23644701569884	0.02285995997721714	34	
12C16O_0h_50_P10_coass_bin.19	46.54285858490786	38.65581116625343	0.16945773548193518	25	
12C16O_0h_50_P10_coass_bin.20	48.7007425174251	46.97290550982669	0.03547865839992462	40	
12C16O_0h_50_P10_coass_bin.28	48.241556301127844	45.384459483975014	0.059224806084583824	31	
12C16O_0h_50_P10_coass_bin.29	48.936780279233176	42.099649320968055	0.13971354304987912	39	
12C16O_0h_50_P10_coass_bin.6	53.07385155004324	49.402922949077194	0.06916642553263223	49	
12C16O_0h_50_P13_coass_bin.10	44.55380134496794	44.21766697971432	0.007544459846445352	33	
12C16O_0h_50_P13_coass_bin.12	46.042757724620486	44.753999455413066	0.02799046653363861	30	
12C16O_0h_50_P13_coass_bin.4	48.59006724473247	42.38903211512651	0.1276193979805244	25	
12C16O_0h_50_unf_bin.17	54.13579927681395	47.57789240207634	0.12113808168241685	43	
12C16O_0h_50_unf_bin.20	48.27332007372493	45.05209769190047	0.06672883441422471	46	
12C16O_0h_50_unf_bin.25	46.03152259678416	45.025715757402615	0.02185039257102065	33	
12C16O_0h_50_unf_bin.34	46.38594575167973	44.3518164504756	0.0438522761203045	33	
12C16O_168h_100_P08_coass_bin.11	45.01017454417301	44.888034719355666	0.002713604780569728	46	
12C16O_168h_100_P08_coass_bin.16	56.86481891248377	57.71637314332267	-0.014975062738693694	28	
12C16O_168h_100_P08_coass_bin.1	45.31885989022705	41.52439478467567	0.08372816780348113	61	
12C16O_168h_100_P08_coass_bin.27	45.567538227257096	44.71365394544146	0.01873887234278702	47	
12C16O_168h_100_P08_coass_bin.31	44.9288169267997	42.77063435322626	0.048035597667520635	58	
12C16O_168h_100_P08_coass_bin.5	47.83963044842883	44.838339381007266	0.0627365019187796	50	
12C16O_168h_100_P08_coass_bin.7	48.34297901439097	45.38298621819796	0.06122901104857153	47	
12C16O_168h_100_P14_coass_bin.2	56.97307496165054	57.38090603334318	-0.007158312447891542	21	
12C16O_168h_100_P14_coass_bin.32	46.14200552080688	45.653180792107676	0.010593920294140238	15	
12C16O_168h_100_P14_coass_bin.3	45.76123563731317	45.380957477517164	0.008310050078410295	19	
12C16O_168h_100_P14_coass_bin.4	57.22219073091784	55.90983740202594	0.022934342641006484	32	
12C16O_168h_100_P14_coass_bin.5	53.18433206027928	50.02868157685887	0.05933421293782134	46	
12C16O_168h_100_P14_coass_bin.7	45.329768536015735	43.727843340194795	0.03533936412113303	40	
12C16O_168h_100_P14_coass_bin.8	45.25033053529637	41.24535756473864	0.08850704344432916	48	
12C16O_168h_100_P16_coass_bin.10	45.383314486578556	41.06212872040584	0.09521529696670006	54	
12C16O_168h_100_P16_coass_bin.12	56.82405874494737	57.80500250808353	-0.017262824669724654	30	
12C16O_168h_100_P16_coass_bin.18	48.98723967346832	42.40468622193876	0.13437281821565258	51	
12C16O_168h_100_P16_coass_bin.27	48.09928117361993	44.38183348674061	0.0772869697046149	52	
12C16O_168h_100_P16_coass_bin.28	46.16475370781244	44.43981333459789	0.03736487763223208	23	
12C16O_168h_100_P16_coass_bin.6	53.22382546649579	48.75132765455838	0.08403187431074134	48	
12C16O_168h_100_unf_bin.12	51.140660307876715	47.638577776562045	0.06847941560064834	40	
12C16O_168h_100_unf_bin.13	48.29426428479992	44.625507662555066	0.07596671523163791	29	
12C16O_168h_100_unf_bin.17	47.8771074170765	44.40687139603225	0.0724821570946976	53	
12C16O_168h_100_unf_bin.19	45.76702732929456	44.420229643672506	0.029427248484631033	49	
12C16O_168h_100_unf_bin.21	45.522773847853394	41.021482435127574	0.09887998977764569	52	
12C16O_168h_100_unf_bin.25	53.2192484130981	48.35000885451368	0.09149395573549703	39	
12C16O_168h_100_unf_bin.37	56.86514886861043	57.43364539475964	-0.009997274911963063	27	
12C16O_168h_100_unf_bin.3	52.867329099751984	50.033223358806985	0.05360788580027385	35	
12C16O_168h_100_unf_bin.4	57.241008948795056	55.35866099746087	0.03288460468993544	30	
12C16O_168h_100_unf_bin.5	48.03351782756342	45.27890206305108	0.05734778315427989	33	
12C16O_168h_100_unf_bin.9	48.788850030161925	42.44894433706873	0.1299457906708967	45	
12C16O_168h_50_P09_coass_bin.15	56.84701997707556	57.82364046127485	-0.01717980088653943	30	
12C16O_168h_50_P09_coass_bin.21	45.515266922495584	41.16463680549664	0.09558617165548634	59	
12C16O_168h_50_P09_coass_bin.24	52.879797062710466	49.99993700788681	0.05446049748277997	30	
12C16O_168h_50_P09_coass_bin.26	44.089877253342806	43.3605736642499	0.01654129325201542	29	
12C16O_168h_50_P09_coass_bin.27	45.304494188071736	44.085782717197645	0.026900454198095128	35	
12C16O_168h_50_P09_coass_bin.3	47.92668952056168	44.54833513671304	0.07049004255550019	51	
12C16O_168h_50_P09_coass_bin.6	48.14628436650841	44.92667329960562	0.06687143378279932	54	
12C16O_168h_50_P09_coass_bin.9	47.13350799065374	42.68991358902302	0.09427675959344792	56	
12C16O_168h_50_P10_coass_bin.11	46.96723328094883	44.1452909732381	0.06008321356360138	35	
12C16O_168h_50_P10_coass_bin.16	56.48191871253333	54.95020752708191	0.027118611059357204	31	
12C16O_168h_50_P10_coass_bin.17	45.187429388577385	43.18982237169236	0.044207139992565904	19	
12C16O_168h_50_P10_coass_bin.18	48.211342295113816	44.88166676520417	0.06906415319299465	21	
12C16O_168h_50_P10_coass_bin.19	48.15607556730657	41.02235753840419	0.14813744568806822	25	
12C16O_168h_50_P10_coass_bin.1	48.740897120460204	46.52952372181005	0.04536997735566656	39	
12C16O_168h_50_P10_coass_bin.27	44.11050372126107	44.327503029874	-0.004919447530778051	21	
12C16O_168h_50_P10_coass_bin.28	47.410886480989355	40.02042886492517	0.15588102574347731	18	
12C16O_168h_50_P10_coass_bin.31	46.81324803077633	43.75720805269561	0.06528151979695135	21	
12C16O_168h_50_P10_coass_bin.36	47.10983094582905	43.554253434517406	0.0754742150401719	39	
12C16O_168h_50_P10_coass_bin.4	53.18208787745952	49.33047815149973	0.0724230634726968	53	
12C16O_168h_50_P13_coass_bin.11	48.0588070929344	41.041929088527056	0.14600607940264432	47	
12C16O_168h_50_P13_coass_bin.12	47.031848084565596	42.87666475218676	0.08834828954430213	56	
12C16O_168h_50_P13_coass_bin.16	49.14911633231567	41.43183961262547	0.15701760877063978	26	
12C16O_168h_50_P13_coass_bin.1	56.869716863106746	58.04725144403709	-0.020705828090630905	20	
12C16O_168h_50_P13_coass_bin.21	44.8699518370098	43.71310787441761	0.02578215298278967	21	
12C16O_168h_50_P13_coass_bin.23	46.99338199613627	45.79751165198239	0.025447633121025517	25	
12C16O_168h_50_P13_coass_bin.24	45.35142832565458	41.16496066193423	0.09231170479700486	57	
12C16O_168h_50_P13_coass_bin.8	46.95899681977009	44.56860913387002	0.05090372128421836	36	
12C16O_168h_50_unf_bin.10	50.361110452515284	47.854092292696656	0.049780835595006526	30	
12C16O_168h_50_unf_bin.22	52.35595384505616	51.22865671778185	0.021531402724711476	49	
12C16O_168h_50_unf_bin.24	46.96081529246899	39.85420755809171	0.15133058679066325	17	
12C16O_168h_50_unf_bin.28	56.959666872803396	57.55287870641803	-0.010414594504903492	26	
12C16O_168h_50_unf_bin.34	48.107882541696604	44.668300729889154	0.07149726053368193	65	
12C16O_168h_50_unf_bin.37	48.27441118139572	45.684537615140584	0.05364899338747889	40	
12C16O_168h_50_unf_bin.47	45.7831726731661	43.46467486879071	0.050640828693252204	39	
12C16O_168h_50_unf_bin.52	52.309257163353834	46.624825786843616	0.10866970178449688	45	
12C16O_168h_50_unf_bin.54	57.38784012841648	55.80166933469604	0.0276394927944853	28	
12C16O_168h_50_unf_bin.57	46.32962708293306	44.56079564464428	0.038179272091321916	46	
12C16O_24h_100_P08_coass_bin.11	45.31090578956123	44.81464422695973	0.010952364644977652	25	
12C16O_24h_100_P08_coass_bin.12	48.401093201226686	46.155724110119166	0.046390875548459984	47	
12C16O_24h_100_P08_coass_bin.15	48.06008336660359	44.83185300081422	0.06717071922585621	48	
12C16O_24h_100_P08_coass_bin.19	56.931859651444356	57.669751225483026	-0.012960960322678482	29	
12C16O_24h_100_P08_coass_bin.20	45.2968532558598	42.368883565006236	0.06463958267288226	59	
12C16O_24h_100_P08_coass_bin.7	45.955372799915416	41.98654716955876	0.08636260329421068	21	
12C16O_24h_100_P14_coass_bin.12	43.98180070711558	44.420007575540915	-0.009963368060881543	18	
12C16O_24h_100_P14_coass_bin.26	53.13774724474263	49.44160979931053	0.06955766168272763	53	
12C16O_24h_100_P14_coass_bin.30	46.89251937398831	45.16596684267882	0.036819359555827595	57	
12C16O_24h_100_P14_coass_bin.34	48.05625932224922	45.63583189347887	0.05036653836370759	24	
12C16O_24h_100_P14_coass_bin.36	48.24385768516197	46.83422251269893	0.02921895636253385	39	
12C16O_24h_100_P14_coass_bin.5	45.72018447840361	41.477125585646704	0.09280493815070143	63	
12C16O_24h_100_P16_coass_bin.12	43.520943094993584	40.46312940636858	0.07026074048879603	30	
12C16O_24h_100_P16_coass_bin.13	47.33687369970363	39.51716920498354	0.1651926687074193	55	
12C16O_24h_100_P16_coass_bin.14	45.14566996654723	42.2260093537812	0.06467199655979161	57	
12C16O_24h_100_P16_coass_bin.16	48.20254199927138	45.224179039661465	0.06178850400991171	49	
12C16O_24h_100_P16_coass_bin.17	44.58217574796654	43.74268650088453	0.018830154271245885	26	
12C16O_24h_100_P16_coass_bin.18	49.402858071874945	48.164682339693	0.025062836048484353	50	
12C16O_24h_100_P16_coass_bin.1	53.07313956179257	48.51270392309534	0.08592737637816888	56	
12C16O_24h_100_P16_coass_bin.20	56.8686166832738	57.724398012217534	-0.01504839362824588	27	
12C16O_24h_100_P16_coass_bin.6	46.96759380918141	44.882305497748995	0.044398448851871435	55	
12C16O_24h_100_unf_bin.14	54.13028496590758	47.75920433556969	0.11769900406677206	49	
12C16O_24h_100_unf_bin.18	50.414790323273294	47.62013149043745	0.05543331262345303	59	
12C16O_24h_100_unf_bin.22	45.36532884863236	40.89420571891691	0.09855815538412532	57	
12C16O_24h_100_unf_bin.28	53.15250223715572	49.157330530278365	0.07516432037482842	35	
12C16O_24h_100_unf_bin.31	52.73748809499638	49.52125281754829	0.06098575024382403	31	
12C16O_24h_100_unf_bin.32	48.34149772129684	45.03603958503647	0.06837723885423085	48	
12C16O_24h_100_unf_bin.34	47.07787741781713	43.084951555794696	0.08481533325271089	57	
12C16O_24h_100_unf_bin.35	56.82693006057461	57.370251650308404	-0.009560987882939303	27	
12C16O_24h_100_unf_bin.42	57.28183621591796	55.853961816610166	0.024927175761712172	34	
12C16O_24h_100_unf_bin.43	49.34525687086167	42.507797714287854	0.13856365515469285	26	
12C16O_24h_100_unf_bin.47	50.74723606485373	44.72617763717297	0.11864800715424181	34	
12C16O_24h_100_unf_bin.50	46.37817686281017	44.72694506203728	0.03560363758276544	21	
12C16O_24h_100_unf_bin.5	46.54710708638191	42.57581075497602	0.08531779051351086	31	
12C16O_48h_100_P08_coass_bin.17	48.05742744534426	44.708850383545865	0.0696786582179567	47	
12C16O_48h_100_P08_coass_bin.21	48.04028708164741	44.87157469124533	0.06595948073783706	50	
12C16O_48h_100_P08_coass_bin.5	56.92534545316735	57.78890998176018	-0.015170123636812742	29	
12C16O_48h_100_P08_coass_bin.8	45.87729377464744	41.4966255124803	0.09548663187687788	20	
12C16O_48h_100_P14_coass_bin.13	56.8172447626347	57.32049715229651	-0.008857388135666324	25	
12C16O_48h_100_P14_coass_bin.1	46.18150779885636	44.736794092212136	0.031283381065353597	42	
12C16O_48h_100_P14_coass_bin.26	57.108374913436414	55.833337858197474	0.022326621220996257	34	
12C16O_48h_100_P14_coass_bin.33	48.157138565979054	44.791894555797036	0.06988048107491622	40	
12C16O_48h_100_P14_coass_bin.34	48.158720666721706	45.939858389880214	0.04607394561406516	32	
12C16O_48h_100_P14_coass_bin.3	45.24518037896342	41.81231727291787	0.0758724592827934	58	
12C16O_48h_100_P14_coass_bin.6	47.05702556608734	44.94595950873857	0.04486186774350985	34	
12C16O_48h_100_P14_coass_bin.7	53.16104525959524	48.97289799949597	0.07878225944670146	46	
12C16O_48h_100_unf_bin.14	50.46618843714486	47.76644376937689	0.05349610801557703	39	
12C16O_48h_100_unf_bin.19	47.96059763900472	40.50878332141152	0.15537367515063846	32	
12C16O_48h_100_unf_bin.21	53.276306044900096	49.74501110504558	0.0662826536223893	25	
12C16O_48h_100_unf_bin.25	50.46395291881568	42.75473351959338	0.15276685541508356	50	
12C16O_48h_100_unf_bin.27	52.81829319754848	50.497232443269226	0.043944258963426366	37	
12C16O_48h_100_unf_bin.29	56.865517287387576	57.83969805755417	-0.017131309388135382	30	
12C16O_48h_100_unf_bin.32	48.85922342709628	42.61437199250837	0.12781315372124097	32	
12C16O_48h_100_unf_bin.36	57.19839930302244	56.012638993899735	0.02073065546538903	31	
12C16O_48h_100_unf_bin.4	48.36079134570632	44.977370310266835	0.0699620692981046	23	
12C16O_48h_100_unf_bin.8	48.21475341392717	45.024390333375194	0.06616985164608177	52	
12C16O_48h_50_P09_coass_bin.18	48.13277625167599	44.57172364022641	0.07398394376483916	50	
12C16O_48h_50_P09_coass_bin.1	45.39824271196245	41.449193505522786	0.08698682967742034	55	
12C16O_48h_50_P09_coass_bin.2	47.09474638526698	43.49882049440872	0.07635513866963307	49	
12C16O_48h_50_P09_coass_bin.3	48.076580804171506	45.5237286973267	0.05309970185365797	37	
12C16O_48h_50_P09_coass_bin.4	53.307121912334324	49.703921811533625	0.06759322153475673	32	
12C16O_48h_50_P10_coass_bin.10	47.96996691908743	42.3348286539519	0.11747221495150308	40	
12C16O_48h_50_P10_coass_bin.13	47.06930193040832	44.128857624363825	0.0624705314387693	43	
12C16O_48h_50_P10_coass_bin.20	53.18767261545046	49.147024917017234	0.07596962791824548	51	
12C16O_48h_50_P10_coass_bin.22	48.30259981145585	45.768048215996075	0.05247236391732809	42	
12C16O_48h_50_P10_coass_bin.25	46.11182963162689	45.39967980076294	0.015443972545724046	31	
12C16O_48h_50_P10_coass_bin.27	45.247210777560866	40.66957043030221	0.1011695587107618	35	
12C16O_48h_50_P10_coass_bin.29	46.02614983630986	41.8085531201009	0.09163479307325664	42	
12C16O_48h_50_P10_coass_bin.30	48.70045286869552	46.561554174866174	0.04391948262978523	45	
12C16O_48h_50_P10_coass_bin.36	51.84800491755445	46.37205602195988	0.10561542154422512	43	
12C16O_48h_50_P10_coass_bin.38	44.77288115035448	44.5148856144785	0.005762317037618986	44	
12C16O_48h_50_P10_coass_bin.39	51.58274536181413	44.27023917073459	0.1417626405843236	35	
12C16O_48h_50_P10_coass_bin.41	46.77338159898351	43.242244301939586	0.07549459064812765	41	
12C16O_48h_50_P10_coass_bin.43	50.28832772636236	46.91252030666677	0.0671290450950094	47	
12C16O_48h_50_P10_coass_bin.9	47.09319338921055	44.36294042276985	0.05797553255469439	34	
12C16O_48h_50_P13_coass_bin.11	45.22024587680685	43.58716550732121	0.036113920608362625	39	
12C16O_48h_50_P13_coass_bin.16	45.63595901756938	44.832785823998655	0.017599568648519207	40	
12C16O_48h_50_P13_coass_bin.24	46.51200961687603	44.86659206983304	0.035376186937448074	56	
12C16O_48h_50_P13_coass_bin.25	47.073456676639715	44.16212511976485	0.0618465641236756	30	
12C16O_48h_50_P13_coass_bin.27	48.087663930891885	41.73301001626269	0.13214727843219096	49	
12C16O_48h_50_P13_coass_bin.30	46.65107296801038	45.01523313021514	0.03506542794668357	54	
12C16O_48h_50_P13_coass_bin.31	48.32004589357352	45.03625661943195	0.06795915056401688	27	
12C16O_48h_50_P13_coass_bin.32	46.92639707265636	45.75423935231825	0.024978643012444547	48	
12C16O_48h_50_unf_bin.11	48.32377203223949	45.14681162546443	0.0657432206379819	29	
12C16O_48h_50_unf_bin.12	44.528755226360744	43.75613219351991	0.017351103324429906	25	
12C16O_48h_50_unf_bin.15	45.45666267123976	41.14716019272545	0.09480463864411487	56	
12C16O_48h_50_unf_bin.16	57.14260181139473	55.73163306876725	0.024692063327541997	28	
12C16O_48h_50_unf_bin.17	53.139336017006954	48.715257810780074	0.08325429969262278	38	
12C16O_48h_50_unf_bin.20	56.817155472440305	57.33383060884603	-0.009093646665510059	30	
12C16O_48h_50_unf_bin.28	52.89910310730109	49.62477831087853	0.06189754842876788	55	
12C16O_48h_50_unf_bin.33	48.03683432984522	44.98362848517613	0.06355968055064225	58	
12C16O_48h_50_unf_bin.39	54.150176968099	47.627472478219474	0.12045582960369981	40	
12C16O_48h_50_unf_bin.40	46.937927024047134	44.954699111225665	0.04225214104162347	26	
12C16O_48h_50_unf_bin.41	46.50175819462859	45.48863886675137	0.021786688658886996	43	
12C16O_48h_50_unf_bin.43	47.897078008480804	44.86250820207087	0.06335605286553438	45	
12C16O_48h_50_unf_bin.44	50.68526336095964	43.04152899459295	0.15080782577632376	32	
12C16O_48h_50_unf_bin.45	48.087584826792416	41.754489982538594	0.1316991665741816	47	
12C16O_48h_50_unf_bin.7	52.325582143389	47.11427365661257	0.09959389410127846	21	
12C16O_72h_100_P08_coass_bin.10	56.810334189671224	57.79388418948609	-0.017312871220421196	27	
12C16O_72h_100_P08_coass_bin.1	48.00141005393152	45.1570312980381	0.05925615003179383	44	
12C16O_72h_100_P08_coass_bin.23	45.28438956607624	42.044729959305094	0.07154031748720016	63	
12C16O_72h_100_P08_coass_bin.29	50.41246016412412	42.84821656365128	0.15004710295523158	42	
12C16O_72h_100_P08_coass_bin.2	45.95323521415574	42.346798667907905	0.07848057986430701	29	
12C16O_72h_100_P08_coass_bin.6	47.1189042033982	42.887980544475184	0.08979248839615173	61	
12C16O_72h_100_P14_coass_bin.14	57.15958482388923	55.74881002341656	0.02468133393234611	33	
12C16O_72h_100_P14_coass_bin.22	48.997992357072896	46.664126916312384	0.04763185854131464	33	
12C16O_72h_100_P14_coass_bin.25	56.90344840896756	57.46167298835948	-0.009810030762633823	29	
12C16O_72h_100_P14_coass_bin.28	53.21687410372184	48.742619770774645	0.08407585767301352	47	
12C16O_72h_100_P14_coass_bin.33	50.4221180495161	43.84268434820802	0.1304870552015858	30	
12C16O_72h_100_P16_coass_bin.15	49.30404283767355	41.79530388351811	0.1522945892870668	32	
12C16O_72h_100_P16_coass_bin.26	57.30223811950346	55.84519216792953	0.025427382932849223	32	
12C16O_72h_100_P16_coass_bin.2	56.86298408903984	57.722787492356765	-0.015120616989966387	27	
12C16O_72h_100_P16_coass_bin.33	53.62859626803882	54.12077190181023	-0.009177484924488567	49	
12C16O_72h_100_P16_coass_bin.36	45.10753457056046	42.46457735362304	0.05859236693158465	22	
12C16O_72h_100_P16_coass_bin.38	47.97358613763625	44.3907043558439	0.07468446848048955	52	
12C16O_72h_100_P16_coass_bin.39	53.198264881476284	48.83865108334103	0.08195030059435794	49	
12C16O_72h_100_P16_coass_bin.3	47.28131554237866	43.08126812260531	0.08883101858722203	47	
12C16O_72h_100_P16_coass_bin.5	47.35505916924775	45.20065796952454	0.045494636423604615	50	
12C16O_72h_100_unf_bin.11	47.37893563313348	42.316634562375356	0.10684708305726287	35	
12C16O_72h_100_unf_bin.12	53.249662361617894	49.468963979376156	0.07099948083364464	26	
12C16O_72h_100_unf_bin.14	54.10532827903639	47.41448860809874	0.12366323029094486	43	
12C16O_72h_100_unf_bin.16	48.03362911588228	41.02107187863659	0.14599265902494532	36	
12C16O_72h_100_unf_bin.18	57.19096571714711	55.44602221169541	0.030510824280914856	29	
12C16O_72h_100_unf_bin.1	48.05297797534098	44.08991986624133	0.08247268485906002	64	
12C16O_72h_100_unf_bin.27	45.50923749081339	41.58485752074653	0.08623260213619365	61	
12C16O_72h_100_unf_bin.38	47.97271762042566	45.01419071540604	0.061671029947237194	52	
12C16O_72h_100_unf_bin.44	48.2817017635778	45.30869988885938	0.061576161695302126	34	
12C16O_72h_100_unf_bin.45	49.392537522069475	42.19076044348143	0.14580698704475673	44	
12C16O_72h_100_unf_bin.7	57.29007905724027	57.89056162722299	-0.010481440763640127	27	
12C18O_168h_100_P08_coass_bin.1	45.017258658343714	45.4587999042153	-0.009808265963563868	19	
12C18O_168h_100_P08_coass_bin.24	47.933065136367404	44.555218277963135	0.07047007840609497	49	
12C18O_168h_100_P08_coass_bin.27	48.0902211856783	41.618315192767966	0.13457842017240979	34	
12C18O_168h_100_P08_coass_bin.2	48.06516025924317	46.00381847128294	0.0428864020600831	34	
12C18O_168h_100_P08_coass_bin.7	56.7872380880338	57.72711729265068	-0.01655088777446513	28	
12C18O_168h_100_P08_coass_bin.8	45.306499018060414	41.22402803167433	0.09010784489789643	54	
12C18O_168h_100_P14_coass_bin.20	56.904849436559275	57.689759838753346	-0.013793383340186746	29	
12C18O_168h_100_P14_coass_bin.30	45.375382780514556	43.52732391599807	0.0407282264362538	49	
12C18O_168h_100_P14_coass_bin.33	48.06815723717868	41.434934505317706	0.13799619359509083	36	
12C18O_168h_100_P14_coass_bin.35	53.211717641282426	49.489763561219995	0.06994613677298185	45	
12C18O_168h_100_P14_coass_bin.4	57.263275444144796	55.94778253888851	0.02297271497400512	34	
12C18O_168h_100_P14_coass_bin.7	45.29553271872076	41.132016324419595	0.09191891880720436	61	
12C18O_168h_100_P14_coass_bin.8	45.704410922867815	45.432661328043814	0.00594580674680644	22	
12C18O_168h_100_P16_coass_bin.14	48.04120934053538	44.48670618141945	0.07398862784490261	53	
12C18O_168h_100_P16_coass_bin.19	48.892887877453525	47.31081621329086	0.03235790997103729	32	
12C18O_168h_100_P16_coass_bin.28	45.47385491550265	41.01883139085524	0.09796889955614102	57	
12C18O_168h_100_P16_coass_bin.30	56.858562473169776	57.67959905020078	-0.014439981267877286	27	
12C18O_168h_100_P16_coass_bin.34	52.773888724145486	48.96447338014203	0.07218371501701643	38	
12C18O_168h_100_P16_coass_bin.36	48.22691045477257	44.958773697700295	0.06776583293962302	60	
12C18O_168h_100_P16_coass_bin.4	50.43523505360554	42.18582665603538	0.16356438884050406	34	
12C18O_168h_100_P16_coass_bin.7	53.15994423864763	49.120617838642715	0.07598439873961155	49	
12C18O_168h_50_P09_coass_bin.11	48.84236864028833	46.41366519585591	0.04972534117497864	51	
12C18O_168h_50_P09_coass_bin.14	52.826685628637634	49.489688265334436	0.06316878152761098	51	
12C18O_168h_50_P09_coass_bin.15	48.088140744826376	44.32170499649993	0.0783235885186861	54	
12C18O_168h_50_P09_coass_bin.16	56.87181641497142	57.75158246512105	-0.015469279963388503	28	
12C18O_168h_50_P09_coass_bin.21	51.008155709025175	45.900814864052506	0.10012792609298353	48	
12C18O_168h_50_P09_coass_bin.24	48.072822836880576	44.8281918168547	0.06749408144879433	53	
12C18O_168h_50_P09_coass_bin.25	44.746235941249715	42.02565730769786	0.06080016735092265	56	
12C18O_168h_50_P09_coass_bin.3	53.31699964497446	49.252574771736555	0.07623131272018244	50	
12C18O_168h_50_P10_coass_bin.11	45.3977376330077	41.506097811020986	0.08572321055834264	63	
12C18O_168h_50_P10_coass_bin.12	54.37231531635759	54.13631158359179	0.004340512839901112	37	
12C18O_168h_50_P10_coass_bin.25	48.09198611237667	41.43613747196288	0.13839828999494944	30	
12C18O_168h_50_P10_coass_bin.26	53.185219038108194	48.7976270626885	0.08249645399177363	53	
12C18O_168h_50_P10_coass_bin.6	45.92484403534315	42.82989107865095	0.06739169226814058	41	
12C18O_168h_50_P10_coass_bin.8	48.24886835692186	44.59754626124098	0.07567684424575852	30	
12C18O_168h_50_P10_coass_bin.9	57.116560622755195	55.778720892801765	0.02342297427167622	32	
12C18O_168h_50_P13_coass_bin.12	46.824246754266696	44.31498575191833	0.05358892403580885	49	
12C18O_168h_50_P13_coass_bin.13	52.33313694292019	46.43672544705181	0.11267070617799198	38	
12C18O_168h_50_P13_coass_bin.16	57.141494952610515	55.964226900834845	0.02060268203959347	29	
12C18O_168h_50_P13_coass_bin.18	45.51157180415095	41.8832589303931	0.07972286453589203	63	
12C18O_168h_50_P13_coass_bin.20	47.02718736577701	43.56787021872565	0.07355994140463522	42	
12C18O_168h_50_P13_coass_bin.21	54.02797934084988	49.3660853823243	0.08628666138177746	44	
12C18O_168h_50_P13_coass_bin.24	46.0038896105988	44.44208377478333	0.03394943012504853	26	
12C18O_168h_50_P13_coass_bin.25	47.98211537105905	41.866601042686966	0.1274540374278856	40	
12C18O_168h_50_P13_coass_bin.28	48.39664396769699	42.04535007853357	0.13123418006840876	44	
12C18O_168h_50_P13_coass_bin.2	48.280639183187446	44.60728488238789	0.07608338172288977	29	
12C18O_168h_50_P13_coass_bin.3	45.52241887407747	45.00253881120964	0.011420308404654446	47	
12C18O_168h_50_P13_coass_bin.4	46.858288752801116	45.62557962751451	0.026307173353890663	52	
12C18O_168h_50_P13_coass_bin.5	46.63811040365444	44.673547883376905	0.04212354452773014	46	
12C18O_168h_50_P13_coass_bin.9	56.830453411063516	57.565638128107395	-0.012936457003539516	30	
12C18O_24h_100_P08_coass_bin.10	53.14254661922725	49.25136764538653	0.07322153756991517	42	
12C18O_24h_100_P08_coass_bin.11	48.05016894303696	46.1033559148439	0.04051625771599232	42	
12C18O_24h_100_P08_coass_bin.18	47.95036481198936	44.71104220421608	0.06755574478889745	54	
12C18O_24h_100_P08_coass_bin.24	56.7948913193345	57.91606037658167	-0.01974066735938078	28	
12C18O_24h_100_P08_coass_bin.27	45.260514751036894	41.03400963663922	0.09338172881254843	52	
12C18O_24h_100_P08_coass_bin.28	45.18785126093565	45.19838178833392	-0.00023303890546727668	23	
12C18O_24h_100_P08_coass_bin.29	45.91670789950089	42.734742953025375	0.0692986298895811	36	
12C18O_24h_100_P14_coass_bin.13	56.945666975879355	57.51933294817151	-0.010073917872191116	28	
12C18O_24h_100_P14_coass_bin.16	44.68295734337266	44.37547456917888	0.006881432932714897	25	
12C18O_24h_100_P14_coass_bin.17	48.06762010461429	44.23391659122104	0.07975646610024767	37	
12C18O_24h_100_P14_coass_bin.33	45.17343446428978	41.95168012725797	0.07131966774805766	55	
12C18O_24h_100_P14_coass_bin.5	53.16448381381467	49.21224278075621	0.07433987409525973	29	
12C18O_24h_100_P14_coass_bin.6	57.17223515973898	55.68234938615266	0.02605960339706133	30	
12C18O_24h_100_P16_coass_bin.10	56.85543561674632	57.673736624505224	-0.014392660945823102	31	
12C18O_24h_100_P16_coass_bin.16	49.16287021833164	42.53787072722082	0.134756157679348	34	
12C18O_24h_100_P16_coass_bin.17	48.175677353580035	44.71380469628009	0.07185934578339007	50	
12C18O_24h_100_P16_coass_bin.26	53.247169612650936	49.515952384021105	0.07007353171582166	46	
12C18O_24h_100_P16_coass_bin.28	47.16935767822666	43.06347199819027	0.08704561355372581	24	
12C18O_48h_100_P08_coass_bin.10	57.38368049833768	56.22275384141788	0.020230954982983985	30	
12C18O_48h_100_P08_coass_bin.15	46.68373158667886	44.55973523779392	0.045497570067663924	54	
12C18O_48h_100_P08_coass_bin.18	53.41152225695345	49.205013338003795	0.0787565817486511	28	
12C18O_48h_100_P08_coass_bin.19	46.07232621082881	44.732011424672606	0.029091537076354076	48	
12C18O_48h_100_P08_coass_bin.1	54.612096277869576	51.42382287837406	0.05838035191459033	51	
12C18O_48h_100_P08_coass_bin.24	56.887278819334455	57.77578605664655	-0.015618733322327908	28	
12C18O_48h_100_P08_coass_bin.28	48.0920708725512	40.93721926963607	0.14877403848705545	50	
12C18O_48h_100_P08_coass_bin.29	53.242663511812765	48.643526689398264	0.08638066766502217	25	
12C18O_48h_100_P08_coass_bin.2	45.331633592692	41.76866248901119	0.07859789778798534	56	
12C18O_48h_100_P08_coass_bin.32	44.04472951070875	42.75577071855787	0.029264768031723072	47	
12C18O_48h_100_P08_coass_bin.33	48.08732067199972	44.19251490770799	0.08099444323084523	56	
12C18O_48h_100_P08_coass_bin.5	47.10953196409501	44.095967741060704	0.06396930933916145	32	
12C18O_48h_100_P16_coass_bin.13	56.88146909643265	57.75783276997941	-0.015406839652137558	27	
12C18O_48h_100_P16_coass_bin.16	49.42287746753371	41.421562214558016	0.1618949697583234	45	
12C18O_48h_100_P16_coass_bin.25	53.27386779972337	49.74034822836243	0.06632744565580968	23	
12C18O_48h_100_P16_coass_bin.33	47.96703544387277	45.63112342567051	0.048698277819056744	38	
12C18O_48h_100_P16_coass_bin.34	46.92748499330483	45.2131541096489	0.03653148861270782	38	
12C18O_48h_100_P16_coass_bin.36	50.360743552825596	42.791182083065365	0.15030678532020056	55	
12C18O_72h_100_P08_coass_bin.13	56.83571960433153	57.7868916861544	-0.016735462987792944	27	
12C18O_72h_100_P08_coass_bin.19	47.020418846679334	43.789867975464446	0.06870527635555154	27	
12C18O_72h_100_P08_coass_bin.25	47.994059552176175	44.728092056047586	0.06804941125219947	49	
12C18O_72h_100_P08_coass_bin.28	53.30034221478619	49.11839706371774	0.07846000564529827	29	
12C18O_72h_100_P08_coass_bin.31	54.299335840150114	53.90106957047274	0.007334643481640613	43	
12C18O_72h_100_P08_coass_bin.4	45.90796241478151	42.77381814435596	0.06827016721213519	28	
12C18O_72h_100_P08_coass_bin.5	46.08496485171801	44.58161480384864	0.03262126927310289	46	
12C18O_72h_100_P14_coass_bin.10	53.16262500742913	48.38885184076076	0.08979566313742533	42	
12C18O_72h_100_P14_coass_bin.17	44.78550283527439	44.11959084165292	0.01486891854426113	28	
12C18O_72h_100_P14_coass_bin.18	46.96642191634913	43.46285140077266	0.07459734790562933	60	
12C18O_72h_100_P14_coass_bin.20	57.23572988662455	55.73578065884158	0.026206518738454917	32	
12C18O_72h_100_P14_coass_bin.22	48.049846561799555	41.87297852091472	0.12855125422597186	38	
12C18O_72h_100_P14_coass_bin.5	56.982697100159065	57.825851355892894	-0.014796671597551941	29	
12C18O_72h_100_P16_coass_bin.10	48.09782049817395	44.65722990817926	0.07153319119990717	38	
12C18O_72h_100_P16_coass_bin.23	57.13487411360927	56.06104136902122	0.01879469870630678	27	
12C18O_72h_100_P16_coass_bin.24	53.21759276092216	49.10936230895919	0.0771968486139353	50	
12C18O_72h_100_P16_coass_bin.2	48.21076961604744	41.89514333708793	0.13100032065983225	46	
12C18O_72h_100_P16_coass_bin.34	50.58935205969568	42.66707261978312	0.15659974119779652	52	
12C18O_72h_100_P16_coass_bin.3	47.92747728280729	44.68376513582759	0.06767959281143496	52	
12C18O_72h_100_P16_coass_bin.5	56.95538383876825	57.81432467712027	-0.0150809419664969	26	
H1-16-all-fractions_conc_50.Massilia_sp__JS1662_67_10	43.22890041473388	37.147550060558714	0.14067788668763903	29	
H1-16-all-fractions_conc_93.Chloroflexi_54_9	56.75734046222335	54.40571931657637	0.041432898837326065	47	
H1-16-all-fractions_metab_31.Corynebacterium_durum_57_11	54.073496647992336	40.81669661638706	0.2451626185357384	53	
H1-16-all-fractions_metab_48.Actinobacteria_68_21	48.688001310069964	47.84618096780662	0.01729009857895391	55	
H1-16-all-fractions_metab_74.Sphingomonadales_70_12	46.27592696683864	43.96799738886095	0.04987322198065427	14	
H1-16-all-fractions_metab_conc_1.Actinobacteria_71_32	44.995650362311096	43.70442629841226	0.028696641864307464	52	
H1-16-all-fractions_metab_conc_20.Bacteria_65_10	52.491879478335335	49.38390813494921	0.059208612346769954	50	
H1-16-all-fractions_metab_conc_21.Actinobacteria_69_13	48.27761108688271	47.05199284999825	0.025386886577274427	52	
H1-16-all-fractions_metab_conc_28.Actinobacteria_70_20	45.68070414456222	44.95340506452625	0.01592136315881519	39	
H1-16-all-fractions_metab_conc_2.Bradyrhizobium_62_16	48.431783210252085	42.67508058403047	0.11886208280274581	51	
H1-16-all-fractions_metab_conc_37.Actinobacteria_70_13	45.64128430837551	44.79871006473879	0.018460791724086087	52	
H1-16-all-fractions_metab_conc_39.Actinobacteria_66_10	53.06197786846548	50.46869593289511	0.04887269641547891	50	
H1-16-all-fractions_metab_conc_42.Ktedonobacter_racemifer_53_14	56.78297000874445	54.830347244823216	0.03438747151867073	49	
H1-16-all-fractions_metab_conc_51.Actinobacteria_75_17	44.987893024770685	44.210100875440446	0.01728892146386985	21	
H1-16-all-fractions_metab_conc_57.Solirubrobacterales_72_43	47.82801643095563	46.7178057909735	0.023212558722455586	52	
H1-16-all-fractions_metab_conc_65.Bacteria_66_15	47.03727548390951	41.460674073616715	0.11855706677144676	53	
H1-16-all-fractions_metab_conc_68.Ktedonobacter_racemifer_52_21	56.364937500236955	53.1447954887809	0.05713023298291633	47	
H1-16-all-fractions_metab_conc_6.Bacteria_69_19	48.48681248778952	44.38490587760005	0.08459839696046137	53	
H1-16-all-fractions_metab_conc_94.Propionibacteriales_69_21	45.71457022195119	41.76816665277916	0.08632704081021969	51	
H1-18-all-fractions_conc_108.Bacteria_69_11	48.03790985741396	44.650739983949194	0.07051035075253181	54	
H1-18-all-fractions_conc_118.Deltaproteobacteria_70_14	47.73272235477852	43.93045626752565	0.07965743204404144	40	
H1-18-all-fractions_conc_122.Actinobacteria_70_12	46.593095031557766	46.48384844452078	0.002344694787135125	25	
H1-18-all-fractions_conc_125.Pseudonocardiales_71_10	47.38302737785964	43.559242004174365	0.08069947374177258	49	
H1-18-all-fractions_conc_24.Gemmatimonadetes_68_16	48.17934132018158	44.107899645361314	0.08450596382717254	58	
H1-18-all-fractions_conc_32.Gemmatimonadetes_61_9	52.86853999876895	49.252098727358224	0.06840440972069473	21	
H1-18-all-fractions_conc_3.Bacteria_68_14	50.243856459609816	46.86449384201632	0.06725922044439613	40	
H1-18-all-fractions_conc_53.Chloroflexi_64_10	48.75707770166555	46.1856993265341	0.05273856630344385	52	
H1-18-all-fractions_conc_55.Burkholderiales_64_14	44.82621724090024	41.221228594914606	0.08042143343508315	50	
H1-18-all-fractions_conc_96.Pseudonocardiales_70_16	47.7076419413251	44.65731017090106	0.06393801173773363	46	
H1-18-all-fractions_maxb_99.Actinobacteria_69_12	46.419274307825695	44.62547924005481	0.03864332423371117	51	
H1-18-all-fractions_metab_69.Sphingomonadales_65_37	48.503516140731556	43.038904819660125	0.1126642304697255	43	
H1-18-all-fractions_metab_85.Ktedonobacter_racemifer_51_8	56.30397325496808	53.027633656831675	0.058190202373458774	31	
H1-18-all-fractions_metab_8.Bdellovibrionales_52_9	53.99389866355257	43.74790699266348	0.18976202727523042	50	
H1-18-all-fractions_metab_conc_103.Sphingomonadales_66_15	48.29963609474434	43.89907818801048	0.09110954579661329	33	
H1-18-all-fractions_metab_conc_105.Acidobacteria_57_8	56.369758714215166	52.581889585931336	0.06719683061777265	36	
H1-18-all-fractions_metab_conc_10.Actinobacteria_67_14	50.73403308982752	47.106800572481504	0.07149505561530645	48	
H1-18-all-fractions_metab_conc_17.Bacteria_55_30	54.526297303792845	53.32722454496885	0.02199072407472252	40	
H1-18-all-fractions_metab_conc_19.Rhizobiales_64_12	49.7253774399505	46.4876442145235	0.06511229058717474	27	
H1-18-all-fractions_metab_conc_20.Bacteria_57_11	54.24468671476458	53.06963152349796	0.02166212513025336	47	
H1-18-all-fractions_metab_conc_22.Bacteria_59_8	52.196548344000426	49.970296130407704	0.042651330101765486	47	
H1-18-all-fractions_metab_conc_23.RIF_CHLX_70_21	47.49717971952685	44.908033013194064	0.0545115883010701	50	
H1-18-all-fractions_metab_conc_2.Burkholderia_graminis_63_9	45.75279358924872	40.70900412144734	0.11024003284001868	53	
H1-18-all-fractions_metab_conc_36.Alphaproteobacteria_64_14	49.50201351936399	49.29866195787592	0.004107945253752631	46	
H1-18-all-fractions_metab_conc_37.Gemmatimonadetes_69_16	47.341348631957764	45.54359110445692	0.03797436235872812	27	
H1-18-all-fractions_metab_conc_44.Gemmatimonadetes_61_12	53.23862566020356	48.075937547993895	0.09697260303375617	35	
H1-18-all-fractions_metab_conc_47.Burkholderiales_71_15	42.77205944688443	41.7817624351826	0.02315289524301738	58	
H1-18-all-fractions_metab_conc_56.Chloroflexi_54_13	56.78409493519808	54.72781039002207	0.03621233282880768	51	
H1-18-all-fractions_metab_conc_57.Acidobacteria_55_29	52.64376575705441	45.98837950632097	0.12642306558097247	48	
H1-18-all-fractions_metab_conc_61.Actinobacteria_70_18	47.04369647489173	45.986097073921485	0.022481213854755468	39	
H1-18-all-fractions_metab_conc_62.Sphingomonadales_68_16	47.1759226647127	43.013597680965745	0.08822985855156044	55	
H1-18-all-fractions_metab_conc_71.Actinobacteria_71_26	45.31068481866069	44.02712243751232	0.028328028726234366	27	
H1-18-all-fractions_metab_conc_80.Solirubrobacterales_69_26	46.79091276481571	46.18444436884157	0.012961243116209786	47	
H1-18-all-fractions_metab_conc_86.Conexibacter_woesei_72_14	45.33496019064931	44.14170176302314	0.026320932512306213	51	
H1-18-all-fractions_metab_maxb_101.Bacteria_63_9	52.57321698616843	49.70820579202313	0.05449564166672668	47	
H1-18-all-fractions_metab_maxb_45.Sphingobacteriales_37_7	56.533624946766494	52.794952969842846	0.06613182827819863	35	
H1-18-all-fractions_metab_maxbC_21.Verrucomicrobia_59_13	50.08965054120156	49.60939146914509	0.009587990071151112	44	
H1-18-all-fractions_metab_maxbC_65.Verrucomicrobia_60_17	48.31132561934505	46.86571618271946	0.02992278555997086	33	
H2-16-all-fractions_maxb_conc_24.Ktedonobacter_racemifer_50_14	56.024529083337995	52.86564830927702	0.056383888017372805	33	
H2-16-all-fractions_metab_114.Bacteria_70_8	49.57516719094691	46.960748846720065	0.05273645037155355	34	
H2-16-all-fractions_metab_121.Acidobacteria_65_12	46.957813292535455	43.12686432911654	0.08158278026178639	51	
H2-16-all-fractions_metab_123.Actinobacteria_72_22	46.52208554019941	44.480554258679646	0.04388305592524853	25	
H2-16-all-fractions_metab_126.Actinobacteria_69_30	45.74986716093081	42.93540791984106	0.06151841340193496	50	
H2-16-all-fractions_metab_12.Bacteria_57_7	53.2735558948146	49.19224134468012	0.07661051494652969	44	
H2-16-all-fractions_metab_138.Actinobacteria_69_25	47.39721507310023	45.92117200842532	0.031141978751249806	48	
H2-16-all-fractions_metab_56.Actinobacteria_73_59	46.55773562064549	43.75991910496066	0.0600934834649512	29	
H2-16-all-fractions_metab_57.Sphingomonadales_64_21	50.36911938752637	44.072526341028656	0.12500899604881774	32	
H2-16-all-fractions_metab_63.Actinobacteria_69_71	47.68101541864784	45.204138233206535	0.051946821259863676	50	
H2-16-all-fractions_metab_75.Sphingomonadales_65_38	48.751248602307236	43.993639946322546	0.09758947293422815	65	
H2-16-all-fractions_metab_conc_100.Burkholderia_graminis_63_15	45.7479184805637	39.689925571237005	0.13242117041675833	24	
H2-16-all-fractions_metab_conc_101.Burkholderiales_63_22	44.98912039133043	41.6927516257513	0.07327035374122039	51	
H2-16-all-fractions_metab_conc_119.Actinobacteria_73_28	45.45372546356277	44.419504730613525	0.022753266589298823	22	
H2-16-all-fractions_metab_conc_131.Actinobacteria_71_27	47.65828359168517	43.41371445751571	0.08906256823126546	27	
H2-16-all-fractions_metab_conc_137.Bacteria_60_16	49.19716095088734	47.007614916507826	0.044505536337051975	42	
H2-16-all-fractions_metab_conc_16.Bacteria_60_11	48.25237143879324	44.086384016462404	0.0863374648355941	54	
H2-16-all-fractions_metab_conc_17.Alphaproteobacteria_61_12	52.339846359435626	47.20382539474584	0.09812831565111926	44	
H2-16-all-fractions_metab_conc_19.Actinobacteria_69_35	46.307005874639174	44.404340617431	0.04108806478136399	40	
H2-16-all-fractions_metab_conc_1.Acidobacteriales_58_9	52.96505347358185	48.83827280505342	0.07791516099548168	28	
H2-16-all-fractions_metab_conc_25.Burkholderiales_70_14	43.70876232982978	43.43181142457971	0.006336278825746073	27	
H2-16-all-fractions_metab_conc_33.Sphingomonadales_63_10	51.13902346076388	44.50117044418502	0.12980015196558678	27	
H2-16-all-fractions_metab_conc_42.Caulobacterales_70_17	45.57924315857216	42.284847097650285	0.07227842835082912	31	
H2-16-all-fractions_metab_conc_43.Acidobacteriales_58_14	51.554911141883395	44.2744426907418	0.1412177480260831	23	
H2-16-all-fractions_metab_conc_47.Alphaproteobacteria_65_18	48.57801311153992	41.41474830616946	0.1474589911473509	40	
H2-16-all-fractions_metab_conc_5.Streptomyces_sviceus_71_22	47.81991274733519	43.31555474488146	0.09419419115742192	35	
H2-16-all-fractions_metab_conc_60.Proteobacteria_70_13	47.39789071141932	45.7093455542467	0.035624900851670326	25	
H2-16-all-fractions_metab_conc_62.Propionibacteriales_70_25	45.37892192517884	41.55743187597043	0.0842128875496274	23	
H2-16-all-fractions_metab_conc_65.Actinobacteria_69_12	49.753360645197844	50.383400092255684	-0.012663254077464024	48	
H2-16-all-fractions_metab_conc_71.Burkholderiales_69_31	43.25198705520801	42.38649255989016	0.02001051406524083	23	
H2-16-all-fractions_metab_conc_77.Actinobacteria_71_48	46.44006816740024	45.111908162945674	0.02859944132009052	53	
H2-16-all-fractions_metab_conc_97.Actinobacteria_72_48	44.74060158798038	44.19858990411768	0.012114537235196874	27	
H2-18-all-fractions_metab_36.Geodermatophilales_73_36	47.04316864514266	44.29805400101051	0.058353098296570316	22	
H2-18-all-fractions_metab_49.Bacteria_55_6	54.543238391959626	54.56887270675476	-0.00046998153301643607	38	
H2-18-all-fractions_metab_63.Massilia_66_19	43.74503116266991	38.9780718761231	0.10897144566706175	33	
H2-18-all-fractions_metab_84.Actinobacteria_68_115	47.605284175674335	44.12470950956408	0.07311320006548316	50	
H2-18-all-fractions_metab_91.Actinobacteria_71_22	46.414335235402916	44.226398315841266	0.047139249295824956	25	
H2-18-all-fractions_metab_conc_15.Gemmatimonadetes_61_16	52.77522792318327	48.0374417761417	0.08977291683017716	41	
H2-18-all-fractions_metab_conc_22.Proteobacteria_61_13	54.473008090822184	48.58310181976576	0.10812522527186778	51	
H2-18-all-fractions_metab_conc_39.Bacteria_66_9	47.41817455908164	42.637006867917414	0.1008298555484677	33	
H2-18-all-fractions_metab_conc_45.Bacteria_60_9	48.88457881362934	47.34435545780841	0.031507346349305215	41	
H2-18-all-fractions_metab_conc_56.Bacteria_56_17	56.59726074119517	52.66184424276169	0.06953369203554105	50	
H2-18-all-fractions_metab_conc_57.Sphingobacteriales_44_10	54.60597185105083	49.20429898122681	0.09892091811053573	49	
H2-18-all-fractions_metab_conc_62.Actinobacteria_69_13	49.508874700561606	47.41764905531028	0.042239409760359704	34	
H2-18-all-fractions_metab_conc_82.Actinobacteria_69_16	47.95050023071366	45.114434808804745	0.059145689998293956	43	
H2-18-all-fractions_metab_conc_98.Propionibacteriales_71_10	44.7099525105413	41.7702658233482	0.0657501634898854	30	
H2-18-all-fractions_metab_maxbC_80.Verrucomicrobia_59_11	50.16393217529509	49.271701877896305	0.01778629104036209	46	
H3-16-all-fractions_conc_123.Niastella_koreensis_45_0	51.90708061219568	45.68235088745173	0.11992062838689933	53	
H3-16-all-fractions_conc_3.Actinobacteria_70_0	48.02660059127648	44.99667948454967	0.06308839412792341	38	
H3-16-all-fractions_conc_58.Chloroflexi_52_0	56.576384531933385	52.89292607227722	0.06510593580926177	49	
H3-16-all-fractions_maxb_26.Sphingobacteriales_42_0	56.37891678855215	50.21115899883053	0.1093983024337565	47	
H3-16-all-fractions_metab_130.Bacteria_58_0	53.10206325738421	47.13666768209298	0.1123383011763051	51	
H3-16-all-fractions_metab_140.Gemmatimonadetes_61_0	52.67287485703366	47.825824088710156	0.09202176227288751	53	
H3-16-all-fractions_metab_147.Actinobacteria_71_0	46.410281972100655	40.64276423272091	0.12427241323047482	29	
H3-16-all-fractions_metab_148.Actinobacteria_72_0	44.61770616927102	43.467873904202094	0.025770761515768657	40	
H3-16-all-fractions_metab_155.Actinobacteria_71_0	47.62923788278178	45.28964953647359	0.04912084363109164	52	
H3-16-all-fractions_metab_25.Hyalangium_minutum_68_0	47.28394396385865	42.38371513331067	0.10363409689964632	48	
H3-16-all-fractions_metab_43.Acidobacteria_54_0	55.54921428773319	51.358654927414804	0.07543867926938043	15	
H3-16-all-fractions_metab_44.Cytophagales_44_0	52.325838490073124	47.68596089639707	0.08867278055288685	50	
H3-16-all-fractions_metab_47.Bacteria_61_0	50.00045981145695	45.360510851816066	0.09279812579998913	43	
H3-16-all-fractions_metab_67.RIF_CHLX_70_0	47.19589192991467	45.3989001726322	0.03807517315174339	39	
H3-16-all-fractions_metab_76.Alphaproteobacteria_69_0	48.62704949399123	45.49080611624829	0.0644958600280793	31	
H3-16-all-fractions_metab_conc_100.Burkholderiales_71_0	42.93520225048049	42.042859033222086	0.02078348698703104	43	
H3-16-all-fractions_metab_conc_10.Gemmatimonadetes_68_0	47.731901032423885	44.15103357866098	0.07502042399967376	44	
H3-16-all-fractions_metab_conc_113.RIFCSPLOWO2_12_FULL_Bacteroidetes_35_15_curated_45_0	53.04863983328905	47.490225927482356	0.10477957442970447	50	
H3-16-all-fractions_metab_conc_118.Mycobacterium_smegmatis_66_0	51.00351133316415	43.740868379085015	0.14239495995948667	52	
H3-16-all-fractions_metab_conc_11.Cystobacter_violaceus_70_0	46.61398638763478	43.20579267099062	0.07311525961976617	50	
H3-16-all-fractions_metab_conc_126.Actinobacteria_70_0	48.01841156809416	46.65532432856264	0.02838676239005832	29	
H3-16-all-fractions_metab_conc_13.Lysobacter_68_0	46.36362706106891	41.249991236648206	0.11029412814672938	38	
H3-16-all-fractions_metab_conc_152.Gemmatimonadetes_60_0	53.193103954906924	48.030483546921936	0.09705431764917245	45	
H3-16-all-fractions_metab_conc_1.Bacteria_58_0	51.82893583117473	49.70858115085601	0.04091063507893483	48	
H3-16-all-fractions_metab_conc_29.Actinobacteria_71_0	46.913441920889454	45.726727948136734	0.025295819794119698	35	
H3-16-all-fractions_metab_conc_30.Propionibacteriales_71_0	44.66116199583618	41.4780662457612	0.07127212118600379	20	
H3-16-all-fractions_metab_conc_31.Alphaproteobacteria_63_0	52.27949472520697	50.509854814413885	0.033849598587261075	50	
H3-16-all-fractions_metab_conc_32.Actinobacteria_69_0	46.12704621342663	43.44628941535805	0.05811681037768826	24	
H3-16-all-fractions_metab_conc_36.Acidobacteriales_61_0	51.5270817270857	46.81757204209689	0.09139872717676559	26	
H3-16-all-fractions_metab_conc_38.Bacteria_65_0	47.158216229690616	43.10973692080044	0.0858488643669536	42	
H3-16-all-fractions_metab_conc_40.Bacteroidetes_44_0	54.82620987025116	49.5264302214096	0.09666507426619031	47	
H3-16-all-fractions_metab_conc_46.Alphaproteobacteria_61_0	51.40027298317914	46.55563533159622	0.09425315023459778	44	
H3-16-all-fractions_metab_conc_60.Gemmatimonadetes_63_0	52.712981223594284	50.163761263438936	0.04836038298312598	27	
H3-16-all-fractions_metab_conc_6.RIF_CHLX_71_0	45.44673655881637	44.70802242264369	0.01625450344969547	19	
H3-16-all-fractions_metab_conc_77.Bacteria_60_0	51.55448005485867	49.88902665440735	0.03230472693506219	45	
H3-16-all-fractions_metab_conc_78.Burkholderia_graminis_63_0	45.66604726828164	39.568841267012736	0.13351727083906934	22	
H3-16-all-fractions_metab_conc_83.Actinobacteria_70_0	46.75779947034578	43.658053553389166	0.06629366548617202	35	
H3-16-all-fractions_metab_conc_87.Propionibacteriales_68_0	48.350570099447175	42.58815301650255	0.11917992013522315	51	
H3-16-all-fractions_metab_conc_90.Bacteria_60_0	48.14170797146203	44.43312037004992	0.0770348157072144	55	
H3-16-all-fractions_metab_conc_98.Alphaproteobacteria_63_0	52.048620289208266	50.297266642450474	0.03364841636582088	48	
H3-16-all-fractions_metab_maxb_73.Sphingobacteriales_41_0	54.47312243480941	51.368003478501805	0.0570027715966466	16	
H3-16-all-fractions_metab_maxbC_112.Burkholderiales_62_0	45.802355904939006	40.36848055480942	0.1186374640074711	35	
H3-16-all-fractions_metab_maxbC_136.Myxococcales_66_0	46.06858448653338	40.640202461213605	0.11783262033819564	36	
H3-16-all-fractions_metab_maxbC_4.Bacteria_48_0	51.57401966777478	40.9084092845167	0.20680199937803795	47	
H3-18-all-fractions_conc_15.Actinobacteria_69_13	50.49772235741574	48.093335155252795	0.04761377523415871	60	
H3-18-all-fractions_metab_8.Gemmatimonadetes_73_36	45.95586680769164	44.87493545918632	0.02352107409982327	51	
H3-18-all-fractions_metab_conc_100.Actinobacteria_71_31	44.89128642126816	44.61034154305216	0.006258338769345253	46	
H3-18-all-fractions_metab_conc_14.Acidobacteria_55_25	52.81406921383954	46.31447962568143	0.12306549532931917	48	
H3-18-all-fractions_metab_conc_20.Propionibacteriales_70_14	44.94788084579672	42.43832311924188	0.05583261500501906	25	
H3-18-all-fractions_metab_conc_21.Bacteria_57_12	53.420592726580225	48.28648223731349	0.09610732916320072	49	
H3-18-all-fractions_metab_conc_25.Acidobacteria_57_11	54.364685642107005	47.68772299882821	0.12281801254649949	62	
H3-18-all-fractions_metab_conc_30.Actinobacteria_69_22	46.18334187029606	44.80700002368815	0.02980169452598973	48	
H3-18-all-fractions_metab_conc_37.Alphaproteobacteria_64_16	49.63974988106282	41.62201549691338	0.16151842834341407	50	
H3-18-all-fractions_metab_conc_49.Actinobacteria_70_18	45.29879248883669	44.058433350683444	0.027381726311113387	57	
H3-18-all-fractions_metab_conc_4.Bradyrhizobium_62_18	48.03590863552735	43.884061401225544	0.08643215778021318	28	
H3-18-all-fractions_metab_conc_55.Sphingomonadales_70_13	46.12188270124416	43.22631719147614	0.06278073097154618	36	
H3-18-all-fractions_metab_conc_57.Acidobacteria_56_18	55.19332256570689	51.258783053174845	0.07128651310759616	49	
H3-18-all-fractions_metab_conc_69.Acidobacteria_55_11	56.911245916807985	54.57384877462098	0.04107091848953334	52	
H3-18-all-fractions_metab_conc_6.Bacteria_64_56	47.40719036379074	43.71031519150429	0.07798131768446022	49	
H3-18-all-fractions_metab_conc_70.Bacteria_59_10	50.488451262071244	49.130686321645236	0.026892584472005994	43	
H3-18-all-fractions_metab_conc_75.Burkholderiales_69_10	45.230633967444824	41.13638207217637	0.09051944525507498	29	
H3-18-all-fractions_metab_conc_87.Bacteria_55_12	54.19779172038794	53.54300497926439	0.01208142841873825	42	
H3-18-all-fractions_metab_maxbC_50.Actinobacteria_69_9	46.570720646780934	45.43204909879962	0.024450374230144643	46	
H3-18-all-fractions_metab_maxbC_83.Verrucomicrobia_60_12	48.478687357348605	47.83473281803887	0.013283250319114067	44	
